543,500,1300
543,500,1264
543,500,1303
543,500,1321
543,500,1289
544,501,1014
544,501,999
556,504,738
561,504,614
559,504,602
568,506,653
563,506,569
564,507,552
564,507,505
559,505,485
557,506,478
558,507,451
557,506,437
556,506,449
556,506,415
559,506,417
559,507,417
559,507,407
558,507,391
557,507,391
556,507,387
557,507,376
559,504,390
554,505,365
555,505,350
556,505,372
554,505,364
552,504,344
553,503,355
553,503,355
554,503,354
553,503,351
553,504,343
554,504,338
554,505,323
554,505,320
553,505,322
552,504,316
552,504,318
551,504,315
553,504,312
554,505,315
554,505,320
553,505,312
553,504,304
552,504,309
550,504,303
553,505,295
553,505,302
553,505,298
553,505,298
551,505,295
552,505,296
553,505,297
554,505,298
554,505,293
554,505,291
554,505,286
552,504,284
551,504,284
551,504,279
551,504,279
550,504,281
550,504,288
551,504,289
551,504,287
549,503,288
551,504,289
551,504,288
551,503,289
550,503,290
550,503,282
551,503,278
551,502,276
550,502,279
549,502,279
550,502,281
550,502,276
550,502,279
550,502,277
551,502,279
550,501,280
549,501,285
549,501,282
549,501,284
549,501,281
549,501,290
550,500,284
550,500,279
551,500,277
551,500,274
551,499,278
551,499,277
551,498,277
550,498,277
550,498,280
550,498,288
551,497,289
550,498,290
551,498,290
551,498,290
551,498,290
551,498,291
551,499,286
551,499,284
552,498,283
551,498,286
552,499,280
552,499,279
552,499,280
553,499,278
553,499,278
553,499,278
553,499,278
553,499,281
552,498,288
551,498,286
552,498,284
552,498,283
552,498,284
552,498,284
552,498,285
552,497,287
552,497,287
552,496,289
553,496,285
553,497,291
553,496,293
553,496,290
553,496,287
553,496,288
553,496,291
553,496,288
553,496,287
553,496,286
553,496,287
553,496,285
553,496,287
553,496,287
553,496,286
553,496,285
553,496,287
553,496,284
553,496,282
553,496,282
553,496,282
553,495,282
553,495,282
553,495,282
553,495,284
553,495,282
553,495,282
553,495,282
553,495,282
553,495,284
553,495,282
553,495,282
553,495,282
553,495,282
553,495,282
553,495,282
553,495,284
553,495,285
553,495,285
554,495,285
554,495,285
554,495,285
554,495,285
554,496,289
555,496,289
556,496,290
556,496,287
556,496,288
556,496,287
556,496,287
556,496,287
556,496,286
556,496,287
557,497,295
558,497,296
558,497,296
558,497,296
558,497,295
558,497,295
558,497,293
558,497,295
558,497,295
558,497,294
558,497,298
558,497,295
558,497,296
558,497,296
558,497,295
558,497,295
558,497,295
558,497,293
558,497,295
558,497,293
558,497,295
558,497,295
558,497,295
558,497,295
558,497,295
558,497,295
558,497,295
558,497,295
558,497,295
558,497,298
558,497,298
558,497,297
558,497,298
558,497,298
558,497,298
558,497,298
558,497,296
558,497,298
558,497,296
558,497,295
558,497,295
558,497,295
558,497,295
558,497,295
558,497,295
558,497,295
558,497,295
558,497,295
558,497,295
559,497,294
558,497,295
558,497,295
558,497,295
558,497,295
558,497,293
558,497,295
558,497,293
558,497,293
558,497,293
558,497,293
558,498,295
559,498,296
559,498,296
558,498,296
559,498,296
559,498,296
558,498,297
559,498,299
558,498,299
558,498,299
558,498,299
559,498,299
558,498,299
558,498,299
559,498,299
559,498,300
559,498,302
558,498,299
558,498,299
559,498,300
558,498,299
558,498,299
559,498,299
558,498,299
559,498,302
558,498,301
558,498,301
558,498,299
558,498,300
558,498,302
558,498,301
558,498,302
558,499,302
558,498,302
558,499,301
558,499,300
558,499,299
558,499,299
558,499,302
558,499,302
558,499,302
558,499,299
557,499,301
557,499,298
557,499,298
557,499,297
557,499,300
557,499,295
557,499,296
557,499,296
557,499,298
557,499,297
557,499,297
557,499,295
557,499,295
557,499,295
557,499,292
557,499,292
557,499,292
557,499,292
557,499,294
557,499,292
557,499,294
556,499,292
556,499,294
556,499,292
555,499,290
555,499,291
555,500,291
554,500,292
554,499,291
554,499,292
554,499,292
553,499,294
553,499,292
553,499,295
552,499,293
552,499,291
552,499,293
552,499,293
553,499,292
552,499,293
552,499,291
552,499,293
552,499,293
552,499,293
552,499,291
552,499,294
552,499,291
552,500,294
552,500,293
552,500,291
552,500,293
552,500,293
552,500,293
551,500,293
552,500,293
552,500,293
552,500,291
552,500,293
552,501,288
552,501,291
552,501,289
552,501,289
552,501,291
552,501,291
553,501,292
553,501,291
552,501,291
552,501,290
552,501,291
552,501,292
551,502,293
552,501,291
552,501,294
552,502,293
551,502,293
552,502,291
552,501,292
551,501,295
551,501,293
552,501,294
551,502,293
551,502,293
551,502,293
551,501,291
551,501,291
551,502,291
552,501,289
551,502,289
551,502,281
552,502,289
552,502,289
552,502,291
552,502,289
552,502,288
553,502,289
553,502,289
553,502,292
553,502,289
553,502,288
553,502,287
553,502,287
553,502,287
553,502,287
554,503,287
554,503,283
555,503,290
555,503,289
555,503,292
555,503,292
555,503,293
554,504,289
554,503,288
555,503,289
555,503,290
554,503,291
555,503,292
555,504,293
555,504,293
556,504,292
556,504,293
554,503,289
554,503,291
554,503,291
554,503,291
554,503,291
554,503,291
554,503,291
554,503,291
555,503,293
554,503,291
555,503,293
555,503,292
555,503,292
555,504,293
555,503,295
555,504,295
556,504,297
556,504,296
556,504,299
556,504,299
556,504,301
556,504,301
556,504,301
556,503,300
556,504,301
556,503,301
555,503,303
555,504,300
555,504,303
555,503,303
555,503,301
555,503,303
554,503,302
555,503,306
555,503,303
555,503,303
555,503,305
554,504,307
554,504,305
554,504,305
554,504,304
554,503,304
554,504,304
553,504,304
553,503,304
553,503,304
553,503,302
553,503,302
553,504,304
553,503,304
553,503,302
553,503,304
554,503,305
554,503,305
553,504,304
554,503,304
554,503,303
553,503,304
554,503,305
553,503,304
554,503,305
553,503,304
553,503,304
554,503,305
554,503,305
553,503,307
553,503,308
554,503,307
554,504,307
554,503,307
554,503,305
554,503,305
554,503,304
554,502,302
555,502,303
555,502,303
555,502,303
555,502,303
554,503,302
555,502,303
555,503,303
555,502,303
555,502,303
554,502,302
554,502,301
554,502,302
553,502,301
553,502,302
553,502,301
554,502,307
552,502,306
552,502,308
552,502,306
552,502,306
552,502,306
552,502,306
552,502,306
552,502,306
551,502,304
551,502,302
551,502,304
551,502,302
551,502,302
551,502,302
551,502,302
551,503,302
552,502,306
552,502,304
552,502,309
552,502,308
552,503,306
552,503,306
552,503,306
552,503,306
552,503,306
552,503,304
552,503,309
552,503,306
552,503,306
552,503,306
553,503,305
552,503,306
552,503,306
552,503,306
552,503,306
552,503,306
552,503,306
552,503,307
552,503,306
552,503,309
552,503,309
552,503,309
552,503,309
552,503,307
552,503,309
552,503,309
552,503,322
556,505,325
556,505,325
556,504,325
556,504,325
556,504,325
556,504,325
556,504,325
556,504,325
556,505,325
556,504,325
556,505,325
556,504,325
556,504,325
556,504,325
557,504,323
556,504,325
556,504,323
556,504,323
556,504,322
556,504,322
556,504,323
556,504,324
556,504,322
556,504,322
556,504,322
556,503,315
556,503,315
556,503,315
556,503,313
556,503,313
556,503,313
556,503,313
556,503,313
556,503,313
556,503,313
556,503,312
556,503,313
556,503,313
556,503,313
556,503,313
556,503,313
556,503,313
556,503,313
556,503,313
556,503,313
556,503,313
556,503,315
556,503,314
556,503,313
556,503,316
556,503,315
556,503,319
556,503,318
556,503,316
556,503,316
556,503,316
556,503,318
556,503,319
556,503,317
556,503,316
556,503,318
556,503,318
556,503,318
555,503,317
556,503,318
556,503,318
556,503,316
556,503,318
556,503,316
556,503,316
556,503,316
556,503,315
556,503,315
556,503,313
556,503,315
556,503,313
556,503,311
557,503,310
557,503,310
557,503,310
557,503,310
557,503,310
557,503,310
557,503,311
557,503,313
558,502,314
557,503,314
558,503,314
558,503,314
558,503,314
558,503,314
558,503,312
558,503,312
558,503,312
558,503,312
558,503,312
558,503,312
558,503,314
558,503,308
557,503,309
557,503,310
557,503,310
557,503,311
557,503,311
558,503,312
558,503,312
558,503,312
558,503,312
558,503,314
558,503,312
558,503,314
558,503,314
558,503,312
557,503,314
557,503,314
557,503,314
557,503,315
557,504,312
557,503,314
557,503,314
557,503,314
557,503,311
557,503,311
557,503,311
557,503,311
557,503,311
557,503,313
557,503,313
557,503,311
557,504,310
557,503,310
557,503,310
557,503,310
557,504,310
557,504,310
557,504,309
557,504,309
557,503,309
557,504,309
557,503,310
557,503,310
557,504,310
557,504,310
557,504,310
557,503,309
557,503,310
557,503,309
557,504,310
557,504,310
557,503,310
557,503,310
557,504,310
557,503,310
557,503,311
557,504,310
557,504,313
557,503,310
557,504,310
557,504,310
557,504,311
557,504,310
557,504,310
557,503,310
557,503,310
557,504,310
557,504,311
557,504,313
557,504,311
557,504,310
557,503,310
557,503,310
557,504,311
557,503,310
557,504,311
557,504,310
557,504,311
557,504,310
557,504,311
557,504,311
557,504,309
557,504,310
556,504,311
557,504,313
557,504,313
557,503,313
556,504,311
557,504,311
557,504,311
557,504,310
557,504,311
557,504,311
557,504,311
557,504,310
556,504,310
557,503,310
557,504,314
556,504,313
557,504,313
557,504,314
557,504,313
557,504,313
556,504,313
557,504,311
557,503,311
557,504,313
557,504,313
557,504,313
557,504,314
557,504,313
557,503,314
557,503,314
557,503,314
557,504,314
557,503,314
557,503,313
557,503,313
557,503,314
557,504,314
557,504,314
557,503,314
557,504,315
557,504,321
558,503,320
558,503,322
558,503,320
558,503,320
558,503,320
558,503,320
558,503,321
558,503,320
558,503,320
558,503,320
558,503,320
558,503,320
558,503,320
558,503,320
558,503,327
559,503,329
559,503,329
558,503,327
559,503,327
559,503,327
559,503,327
559,503,324
559,503,324
559,503,324
559,503,324
559,503,324
559,503,324
559,503,324
559,503,324
558,503,326
559,503,324
559,503,324
559,503,324
559,503,324
558,503,327
558,503,324
558,503,324
559,503,324
558,503,326
558,503,326
558,503,326
558,503,327
558,503,326
558,503,327
558,503,326
558,503,327
558,503,327
558,503,327
558,503,327
558,503,327
558,503,329
558,503,327
558,503,326
558,503,326
558,503,326
558,503,326
558,503,327
558,503,326
558,503,326
558,503,326
558,503,324
558,503,326
558,503,326
558,503,326
558,503,326
558,503,326
558,503,324
559,503,327
559,503,327
558,503,326
559,503,327
558,503,327
558,503,326
558,503,324
559,503,327
559,503,327
558,503,326
558,503,326
558,503,326
559,503,327
559,503,327
559,503,324
559,503,324
559,503,324
559,503,327
559,503,327
559,503,327
559,503,324
559,503,324
559,503,324
559,503,327
559,503,327
559,503,324
559,503,324
559,503,324
559,503,324
558,503,326
559,503,327
559,503,324
559,503,327
559,503,324
559,503,324
559,503,324
558,503,326
559,503,327
559,503,327
559,503,327
559,503,327
559,503,327
559,503,327
558,503,326
558,503,326
559,503,327
559,503,327
558,503,324
559,503,327
559,503,324
559,503,327
559,503,327
558,503,324
559,503,327
559,503,327
559,503,327
558,503,327
558,503,320
558,503,320
558,503,320
558,503,320
558,503,320
558,503,320
558,503,320
558,503,320
558,503,320
558,503,320
558,503,320
558,503,320
558,503,320
558,503,320
558,504,320
558,503,318
558,503,320
558,503,320
558,503,318
558,504,318
558,504,317
558,503,318
558,503,318
558,503,320
558,504,320
558,504,320
558,503,320
558,504,320
558,504,318
558,503,320
558,503,320
558,504,320
558,503,318
558,504,320
558,503,320
558,504,320
558,503,320
558,503,318
558,504,318
558,503,318
558,504,318
558,504,318
558,503,318
558,504,320
558,503,318
558,504,320
558,504,320
558,503,320
558,503,320
558,503,318
558,503,318
558,503,318
558,504,318
558,503,318
558,504,318
558,503,318
558,504,318
558,503,317
558,504,315
558,504,317
558,504,315
558,504,317
558,504,315
558,503,314
558,504,316
558,504,317
558,504,315
558,504,315
558,504,318
558,504,315
558,503,317
558,503,317
558,503,315
558,503,315
555,503,313
558,504,318
558,503,317
558,503,318
558,503,320
558,503,321
558,503,320
558,503,320
558,503,321
558,503,321
558,503,323
557,503,323
558,503,326
558,503,324
558,503,324
558,503,332
559,502,332
559,502,330
559,502,330
559,502,330
559,502,329
559,502,329
559,502,330
559,503,327
559,502,327
559,503,329
559,502,327
559,502,327
559,502,327
559,502,327
559,503,327
559,502,327
559,503,329
559,502,327
559,502,329
559,502,329
558,502,329
559,503,327
559,502,327
559,502,327
559,503,324
559,503,327
559,503,324
559,502,324
559,502,324
558,503,326
558,503,326
559,503,324
558,503,323
558,503,324
558,503,324
558,503,323
558,503,323
558,503,324
558,503,323
559,503,324
558,503,323
558,503,323
558,503,323
558,503,323
558,502,323
558,502,323
558,503,323
558,503,321
558,503,322
559,503,324
558,503,323
558,503,320
559,503,320
559,503,320
558,503,320
558,503,320
559,503,318
559,503,318
559,503,318
559,503,318
558,503,317
559,503,318
559,503,318
559,503,318
559,503,318
559,503,318
558,503,318
559,503,318
559,503,318
559,503,318
559,503,318
559,503,318
559,503,318
559,503,318
559,503,318
559,503,318
559,503,318
559,503,318
559,503,320
558,503,318
559,503,321
559,503,321
559,503,321
559,503,322
558,503,324
559,503,322
558,503,321
558,503,329
559,504,339
560,504,338
560,504,338
560,504,338
560,504,335
560,504,335
560,504,335
560,504,332
560,504,335
560,504,334
560,504,336
560,504,341
560,503,341
560,503,344
560,503,348
560,503,347
560,503,350
561,503,348
561,503,346
561,503,347
561,503,346
561,503,348
562,503,348
562,503,348
562,503,348
562,502,352
562,502,351
562,502,351
562,502,351
562,502,351
562,502,355
561,502,373
563,502,385
564,501,383
564,501,383
564,501,383
564,501,387
566,502,379
566,502,378
566,502,381
566,502,386
565,501,405
565,501,405
565,500,405
565,500,429
563,499,406
563,499,402
564,499,392
568,498,433
566,498,420
566,498,419
566,498,431
566,498,452
563,497,496
561,505,488
560,505,478
560,505,473
560,505,477
560,505,482
560,505,505
560,504,508
559,504,499
560,504,560
562,504,554
566,505,729
566,505,735
568,505,684
568,505,666
576,505,936
576,506,908
576,506,891
576,506,891
576,506,889
576,506,908
576,506,1174
576,506,882
576,506,917
576,506,1161
576,506,934
576,506,1323
578,504,1235
578,504,1221
578,504,1340
578,504,1292
