290,740,950
291,741,671
292,742,612
292,742,604
292,742,585
292,742,565
293,742,561
292,743,572
292,743,563
292,744,554
292,745,605
293,745,615
292,745,606
292,745,622
292,745,627
292,745,621
292,746,729
292,747,756
292,747,857
293,748,840
292,748,870
292,749,835
292,749,834
292,749,824
292,748,1091
291,750,1007
291,749,1255
292,749,1279
312,769,779
312,769,708
312,770,589
309,770,522
309,770,506
308,770,504
311,771,486
313,772,467
318,773,421
320,773,413
320,774,402
320,773,406
317,770,375
317,770,378
316,770,377
318,770,390
334,782,573
331,782,555
334,784,604
335,788,766
337,791,537
344,795,463
347,797,403
350,799,404
351,799,393
353,799,386
354,800,401
359,802,398
359,802,389
360,802,384
360,800,352
360,800,352
359,800,343
359,800,348
358,799,349
361,800,370
387,809,416
390,809,428
391,804,421
397,812,441
399,817,447
408,824,483
414,830,480
425,833,487
429,834,463
430,834,443
432,834,430
437,835,425
441,837,433
438,834,394
439,829,362
439,829,355
441,829,342
441,828,340
445,832,375
473,840,424
475,840,426
474,838,406
480,840,391
480,840,395
483,841,388
480,838,378
486,838,415
484,837,379
482,836,359
482,837,383
490,838,389
501,844,452
507,842,459
511,842,430
512,842,413
514,843,416
516,844,437
524,843,405
525,843,405
530,844,420
529,844,415
527,843,408
531,844,436
536,845,405
539,844,422
548,844,428
548,844,424
550,843,451
552,842,446
557,843,496
563,845,449
564,845,427
569,846,438
567,844,423
577,846,437
577,846,429
579,845,411
583,845,381
584,845,381
587,843,387
590,843,369
590,843,387
592,841,399
592,841,401
594,840,409
596,840,407
597,840,420
602,841,420
601,840,410
602,840,377
603,841,391
606,841,388
617,837,324
616,836,315
613,835,304
613,835,302
614,835,306
616,835,307
618,836,316
631,840,347
628,838,343
635,840,364
635,839,374
635,838,357
637,837,362
638,837,353
638,837,347
639,836,345
638,836,341
638,836,335
644,838,355
642,835,343
643,835,345
642,832,332
642,832,330
643,830,323
644,831,320
644,829,325
644,829,325
644,828,329
648,827,330
651,826,333
651,824,338
656,825,374
660,820,340
663,821,341
664,820,340
667,815,318
669,815,326
669,813,334
670,812,330
671,811,346
673,811,348
677,811,350
678,811,349
679,810,347
680,811,356
680,809,341
682,809,354
686,809,354
688,807,321
688,806,328
690,806,335
694,805,321
694,804,321
692,802,303
696,801,299
698,799,292
699,798,296
701,798,299
702,796,297
706,793,299
708,793,294
709,791,288
709,790,283
710,788,279
711,786,276
711,785,279
713,784,273
716,782,279
715,781,286
715,780,295
718,778,292
718,778,291
719,777,294
719,775,289
718,774,276
719,772,287
720,772,286
722,770,291
724,770,284
722,768,284
724,767,276
726,766,267
727,764,261
729,763,274
728,762,274
729,760,263
730,759,261
729,758,263
732,756,270
734,755,266
736,754,265
736,752,262
736,751,273
743,747,280
745,743,291
745,743,292
748,738,273
748,739,278
754,738,281
753,736,282
750,731,269
752,729,271
753,729,278
754,727,282
755,724,274
755,724,273
754,722,282
753,722,291
754,720,287
755,719,289
755,718,289
755,716,293
755,716,286
758,714,298
758,712,299
757,711,301
759,708,292
758,707,293
762,706,284
763,701,295
763,699,284
762,690,282
763,688,293
764,688,291
764,686,301
770,676,283
773,676,281
772,675,278
773,673,261
771,671,253
771,671,261
772,669,262
773,669,256
773,668,258
777,665,250
775,662,257
775,659,243
777,659,249
778,657,255
779,655,260
782,653,284
782,651,278
783,648,261
786,646,261
788,644,266
787,641,273
788,639,272
787,639,274
789,633,283
790,629,273
793,628,288
793,626,282
794,625,284
794,623,286
790,620,306
794,619,305
793,616,311
795,614,300
797,612,292
797,608,279
796,605,266
796,604,267
795,603,270
797,599,278
796,597,280
797,595,280
797,593,281
797,590,278
797,588,287
798,587,288
799,582,281
798,576,269
798,575,272
797,572,276
800,568,300
800,567,292
800,565,294
798,562,305
797,561,293
797,558,314
799,555,319
799,550,308
800,549,300
799,546,283
798,542,284
797,540,279
798,537,290
799,535,283
799,533,281
799,532,278
798,530,282
799,527,282
799,525,283
799,520,297
800,518,293
798,515,287
797,515,290
796,513,285
797,512,291
797,510,293
797,504,279
797,505,283
797,503,283
796,502,283
796,499,276
795,497,285
795,496,280
795,494,279
794,492,276
793,488,293
792,486,302
790,484,313
791,483,306
790,482,298
791,481,298
791,480,301
791,478,291
790,477,299
789,476,308
789,474,305
787,474,318
788,472,323
787,471,327
786,469,339
785,468,334
783,465,349
781,464,355
780,462,355
779,461,349
778,458,362
778,458,351
777,456,350
776,455,342
775,455,344
774,454,342
774,453,337
774,452,338
773,452,340
773,451,339
771,449,321
769,448,315
767,446,318
767,445,311
765,443,310
764,441,313
763,440,323
761,437,321
760,435,323
760,434,331
760,432,327
759,431,330
758,430,335
758,430,331
757,428,324
757,427,341
756,425,345
756,424,321
756,423,334
755,421,340
754,420,330
754,419,322
753,418,313
746,415,326
736,409,342
732,408,349
728,404,359
724,398,386
722,392,371
717,388,349
718,387,354
718,387,337
716,387,338
714,386,363
712,384,347
712,384,353
706,381,371
704,379,339
703,379,356
701,378,343
702,377,343
701,376,348
699,375,362
697,374,355
696,372,364
691,370,347
689,368,338
687,366,329
687,366,355
683,363,334
683,362,336
680,360,345
677,360,339
677,359,319
676,359,330
672,356,326
671,356,330
671,355,328
667,355,325
666,354,335
663,353,332
660,352,340
658,352,333
658,352,336
658,351,325
656,351,331
654,350,329
652,350,333
648,349,348
645,347,342
644,348,340
643,347,354
640,345,341
637,345,352
634,344,350
630,341,353
626,340,356
624,340,362
623,340,381
618,338,405
615,337,388
616,336,409
615,336,399
612,334,418
610,333,421
608,331,423
606,330,399
602,330,418
601,331,465
598,331,455
596,331,431
592,329,445
592,329,423
591,330,401
583,329,419
581,327,387
576,329,460
576,328,460
575,328,442
572,328,434
571,328,432
567,327,433
565,327,425
562,326,419
561,326,438
562,327,423
559,327,422
557,327,410
552,327,422
550,327,402
546,328,407
539,328,443
537,328,432
535,328,430
534,328,417
533,328,419
532,329,433
531,329,452
530,328,441
530,328,439
527,327,429
524,326,421
521,326,435
508,327,451
508,328,435
506,328,453
505,327,448
504,327,466
500,328,448
500,328,468
499,329,469
487,328,461
477,329,443
473,330,433
471,329,430
462,330,416
461,329,397
456,330,400
456,332,429
452,330,430
450,330,397
447,329,404
447,331,417
447,330,400
443,332,391
440,333,376
435,335,380
433,336,358
432,337,365
431,337,355
428,337,352
424,337,348
423,339,353
423,339,349
420,340,347
408,346,383
405,347,399
401,345,382
399,346,364
397,346,359
395,347,364
391,348,350
392,347,342
386,347,323
379,350,347
377,350,350
376,352,338
376,352,364
374,355,381
371,355,371
371,356,402
367,356,365
363,358,349
358,359,327
358,362,314
356,364,308
356,364,306
354,365,301
352,366,301
351,367,295
350,368,301
349,370,301
348,372,296
347,373,291
343,375,305
342,377,305
339,378,291
336,380,306
338,379,295
337,379,303
336,380,296
336,381,304
333,381,281
334,383,289
329,384,294
327,385,299
325,386,301
324,387,301
320,387,308
319,389,307
317,392,309
317,393,302
316,394,306
313,397,301
313,400,287
312,401,284
311,403,283
311,404,277
310,407,291
308,409,291
309,410,296
308,413,300
309,413,301
305,418,322
303,422,315
301,422,306
299,423,309
297,425,293
293,429,295
290,432,290
283,435,279
281,437,271
281,439,270
282,440,270
281,441,269
281,442,268
279,443,267
276,447,294
276,448,279
275,448,281
274,449,273
273,451,273
274,455,272
273,460,281
272,461,273
273,461,266
271,462,264
271,465,266
272,469,268
273,471,268
273,474,272
272,473,270
273,475,266
272,476,272
272,478,272
270,481,277
269,481,265
270,487,265
270,488,263
269,493,254
269,499,262
269,504,268
269,505,273
271,509,272
268,514,272
267,517,263
268,521,260
268,526,264
268,531,267
271,535,262
271,536,262
271,539,267
270,539,263
270,541,251
269,541,244
267,543,241
268,552,229
267,552,223
268,555,223
270,560,231
271,561,236
270,563,235
269,565,238
268,565,233
268,566,231
265,568,230
265,569,230
266,570,224
266,572,224
267,576,219
266,578,218
265,579,214
264,580,210
265,582,217
266,584,217
268,591,216
268,593,227
268,596,232
267,597,226
269,599,226
269,601,229
269,602,227
270,604,225
270,605,234
271,612,230
270,613,223
274,625,229
275,627,227
276,630,226
277,631,231
277,632,229
276,633,233
277,634,231
277,635,230
277,635,227
278,636,229
278,638,230
279,640,225
279,642,222
279,644,219
282,646,217
283,649,212
284,652,209
285,653,207
287,657,211
287,658,215
288,661,212
290,662,208
290,662,206
292,664,209
291,665,210
291,666,210
293,668,212
292,668,210
294,669,206
296,671,209
296,673,209
296,676,203
297,677,203
297,678,202
298,681,199
299,684,206
302,690,208
302,692,211
307,697,219
308,697,216
308,698,217
309,698,218
311,701,218
311,701,218
311,702,218
313,703,221
312,704,224
314,708,217
314,709,214
320,714,221
323,719,218
324,721,211
328,723,214
327,724,211
331,727,211
331,727,209
331,728,204
331,729,208
331,729,210
332,730,210
333,730,209
336,732,209
337,732,214
339,733,219
339,733,216
339,734,214
339,735,216
341,736,213
346,741,214
345,744,216
347,745,211
346,745,214
352,750,227
354,755,245
355,754,239
355,754,235
354,755,232
358,758,233
364,760,232
366,762,227
368,762,226
374,763,242
374,763,238
376,764,234
381,766,239
387,768,250
392,768,252
392,768,262
392,768,253
394,768,258
395,770,256
404,776,291
407,775,269
406,774,280
408,774,271
409,774,268
413,775,288
429,778,317
431,779,323
430,780,321
432,780,319
435,783,307
440,782,316
440,783,313
442,783,319
446,787,331
449,787,334
451,787,317
453,788,335
454,788,327
456,789,370
461,794,399
469,794,464
471,794,456
474,794,456
479,795,443
481,792,405
480,789,395
479,788,402
479,787,408
480,787,405
483,788,426
484,789,416
482,787,410
486,788,443
484,786,439
495,786,562
501,788,585
506,788,495
506,785,601
509,786,535
509,786,528
508,786,511
508,786,504
510,787,482
512,788,462
512,788,398
512,787,461
517,789,493
515,788,483
521,787,622
522,786,604
523,786,584
510,774,1055
526,781,603
565,794,663
568,795,704
568,795,693
570,794,712
574,791,554
567,788,506
564,786,438
561,785,417
561,785,446
562,784,443
562,784,421
562,783,404
564,783,408
568,784,415
568,784,412
568,784,421
575,785,471
577,784,463
580,783,439
580,782,449
583,782,409
580,780,418
581,778,403
581,778,419
581,778,406
583,778,406
583,778,403
585,778,398
585,778,394
592,779,405
591,777,379
591,777,379
591,777,374
594,777,392
593,776,372
597,776,386
597,776,387
596,776,388
595,775,376
595,775,380
597,774,368
597,775,367
600,775,391
600,775,391
600,775,386
602,775,395
602,775,393
602,775,391
602,775,391
602,775,390
602,775,399
602,775,391
602,775,388
602,775,388
602,775,383
601,774,370
601,774,368
601,774,368
601,774,374
602,775,369
602,775,366
602,775,368
602,775,374
601,774,365
600,774,365
599,774,358
603,774,368
602,773,370
600,773,366
599,773,354
598,772,353
599,772,341
600,772,346
601,772,351
601,773,341
600,772,345
600,772,350
601,771,353
601,772,343
600,772,348
602,772,350
601,773,343
602,772,347
602,772,349
603,772,341
602,772,339
602,772,341
602,772,335
602,772,346
603,772,346
604,772,347
604,772,349
604,772,353
603,773,339
603,772,339
602,772,336
602,772,341
606,772,334
607,772,346
607,772,339
606,772,356
606,772,357
605,772,341
607,771,347
605,771,342
607,772,351
606,771,348
606,770,332
607,771,341
603,772,391
600,772,404
602,771,396
603,771,396
603,772,405
603,771,424
601,771,443
601,771,420
600,772,474
600,772,603
601,772,592
586,771,1265
