544,811,1205
544,811,1107
544,811,1086
544,811,1086
544,811,1113
544,811,1046
544,811,1027
544,811,1017
544,811,1017
544,811,1009
544,811,1000
544,811,999
544,811,822
544,811,841
544,811,834
544,811,828
544,811,824
544,811,758
544,811,713
544,811,718
545,811,678
544,810,658
544,810,655
544,810,638
542,809,669
543,809,662
543,809,627
543,809,627
543,809,641
543,809,654
542,808,625
542,808,626
542,808,622
543,807,591
543,808,588
543,807,579
542,806,741
543,806,732
543,806,727
544,805,802
542,805,729
543,805,754
542,805,647
541,804,659
540,803,726
541,804,822
541,804,784
537,801,997
540,802,803
540,802,976
537,801,767
539,800,777
539,800,782
539,800,788
539,800,795
539,800,808
538,800,731
538,799,693
538,799,704
537,797,1122
534,797,1179
534,798,1293
534,798,1268
533,797,1239
504,771,1166
504,771,1155
504,771,1117
504,771,1095
504,771,1083
504,771,1040
504,771,1020
515,773,755
517,774,678
518,774,673
518,774,658
518,774,658
523,774,589
523,774,630
523,774,616
523,774,616
535,775,704
538,775,641
535,774,628
535,774,742
533,774,786
527,772,922
532,772,750
535,770,631
537,769,600
535,768,650
536,768,709
543,768,949
539,766,858
538,765,844
534,763,1181
532,756,1272
532,756,1274
537,749,1115
537,749,1268
510,739,1234
521,742,797
522,742,698
520,741,814
510,738,637
525,739,610
525,739,563
525,738,571
534,738,682
537,737,837
537,736,926
548,736,945
554,735,844
541,729,1199
541,729,1115
541,729,1105
541,729,1085
541,729,1105
537,715,1279
537,715,978
537,715,1211
537,715,1212
538,715,989
538,715,1253
537,715,1238
531,708,1234
531,708,1206
533,708,871
533,707,888
533,707,887
533,707,895
536,706,1218
536,706,1216
536,703,1140
536,703,964
536,703,766
535,703,913
523,674,1222
540,675,1098
533,675,770
540,675,1151
540,675,1243
534,623,1263
534,623,1188
526,483,1320
512,481,1223
512,481,1332
488,455,1342
488,456,1159
501,447,1308
501,447,1293
522,419,1274
522,419,1205
522,419,1223
491,396,1310
491,396,1310
499,387,1145
499,387,1131
502,388,861
501,387,739
514,386,1344
504,386,1297
528,382,1002
514,381,734
501,377,1333
501,377,1278
503,377,798
501,371,1489
501,371,1374
501,371,1389
510,357,1262
510,357,1244
510,357,666
515,356,749
513,355,617
510,355,598
508,348,648
508,349,597
511,348,714
511,342,746
501,336,965
534,332,857
535,332,870
532,331,1233
532,331,1314
484,321,1239
484,320,1237
485,320,797
501,322,665
507,322,795
514,322,683
512,322,637
509,322,787
510,316,652
517,314,647
526,313,657
501,307,918
513,302,808
514,299,655
497,297,749
498,294,765
506,293,557
506,292,557
509,292,501
509,292,469
511,291,437
510,289,444
508,288,459
508,288,457
510,288,428
508,286,464
510,283,474
512,282,441
512,280,456
511,279,497
513,278,601
515,277,518
508,273,637
497,270,617
507,268,594
504,265,626
503,262,565
499,261,572
500,261,515
502,260,443
502,258,436
505,258,429
502,257,436
512,256,413
510,255,419
510,255,421
510,253,437
511,252,448
510,251,462
513,251,481
513,250,496
510,249,489
510,248,459
511,247,460
508,246,467
510,239,502
509,237,532
509,236,518
510,235,706
495,233,702
498,232,600
497,231,585
500,231,568
500,229,568
504,229,638
494,229,700
497,227,721
505,227,598
504,227,594
504,227,566
505,227,560
505,226,541
505,226,546
505,226,535
505,226,516
504,226,505
504,226,488
505,226,520
505,226,516
503,226,482
502,225,479
503,226,484
502,225,465
502,225,461
502,225,450
501,225,453
501,225,460
500,224,453
500,224,443
500,224,458
499,224,426
502,224,443
502,224,449
503,224,453
503,224,448
502,224,478
500,225,495
502,225,508
502,225,497
502,226,502
502,226,497
502,226,498
502,226,525
500,227,534
501,226,534
502,227,535
501,227,559
503,227,563
503,227,557
503,227,562
502,227,564
501,227,587
503,227,585
502,227,595
502,227,594
503,227,611
504,227,691
503,227,690
503,227,680
493,225,790
510,226,829
493,225,1321
493,225,1297
493,225,1285
493,225,1283
493,225,1317
493,225,1301
493,225,1299
493,225,1281
493,225,1243
493,225,1226
493,225,1206
497,222,831
492,214,824
493,215,710
493,215,727
497,224,856
497,224,856
497,225,843
497,225,833
497,224,833
495,231,1721
508,212,691
508,211,1181
508,211,1222
508,211,1212
508,211,1228
528,278,1201
506,288,1239
506,288,1309
506,288,1286
506,288,1273
506,288,1167
506,288,1151
506,288,1122
506,288,1106
506,288,1122
506,288,1290
529,312,1215
529,312,1168
544,394,1307
550,669,1291
556,669,707
540,675,1213
540,675,1070
540,675,1091
536,675,734
574,692,1216
574,692,1072
574,692,1063
567,698,750
567,700,564
567,700,597
563,704,1300
575,713,742
539,704,1137
539,704,1126
539,704,1137
539,704,1115
584,708,1312
584,709,1299
557,733,494
558,734,462
558,734,446
558,734,442
559,735,429
559,735,459
562,735,1219
562,736,1218
562,736,1240
562,736,1071
557,738,593
544,738,505
544,739,485
551,740,507
546,740,477
506,735,1273
537,748,730
545,752,583
548,753,477
541,751,424
544,755,364
555,759,396
555,759,362
550,758,355
576,774,1195
575,774,1181
576,774,680
572,774,570
571,774,515
569,774,462
563,774,382
563,774,347
562,774,362
562,774,356
562,774,350
562,775,368
573,775,1186
573,776,809
573,784,616
572,787,601
572,788,601
556,789,335
554,789,326
556,789,307
552,790,306
568,803,652
564,804,551
564,804,487
565,805,457
564,805,430
561,805,386
561,806,356
560,806,347
563,807,335
562,807,330
562,807,326
562,807,328
562,807,330
562,807,326
562,807,322
561,807,324
561,807,326
562,808,325
562,807,322
561,807,316
562,807,315
562,807,318
562,807,317
562,807,317
562,808,317
562,808,318
563,808,319
563,808,319
563,807,315
562,807,315
562,807,313
562,807,313
562,807,311
562,807,315
561,807,316
561,807,316
561,807,314
561,807,316
561,807,318
561,807,320
562,807,328
561,807,327
561,807,327
561,807,327
561,807,339
560,807,343
561,807,350
559,807,359
559,807,379
557,807,397
557,806,420
559,806,411
558,806,433
559,806,474
563,806,483
559,805,530
559,805,585
561,805,602
563,805,550
563,804,613
571,804,1196
